
773
---------------- (1 total)
11
	3
		2
773
---------------- (2 total)
11
	3
		2
773
967
---------------- (3 total)
11
	3
		2
773
809
967
---------------- (4 total)
2
11
	3
		2
773
809
967
---------------- (5 total)
2
11
	3
		2
773
809
	2
967
---------------- (5 total)
2
11
	3
		2
773
809
	2
967
1787
---------------- (6 total)
2
11
	3
		2
607
773
809
	2
967
1787
---------------- (7 total)
2
11
	3
		2
449
	3
		2
607
773
809
	2
967
1787
---------------- (8 total)
2
11
	3
		2
389
	11
449
	3
		2
607
773
809
	2
967
1787
---------------- (9 total)
2
11
	3
		2
29
	17
		5
389
	11
449
	3
		2
607
773
809
	2
967
1787
---------------- (10 total)
2
11
	3
		2
29
	17
		5
71
	7
		3
			2
389
	11
449
	3
		2
607
773
809
	2
967
1787
---------------- (11 total)
2
11
	3
		2
29
	17
		5
71
	7
		3
			2
73
	17
		3
389
	11
449
	3
		2
607
773
809
	2
967
1787
---------------- (12 total)
2
11
	3
		2
29
	17
		5
71
	7
		3
			2
73
	17
		3
389
	11
449
	3
		2
607
773
809
	2
967
1297
	3
1787
---------------- (13 total)
2
11
	3
		2
29
	17
		5
71
	7
		3
			2
73
	17
		3
389
	11
449
	3
		2
509
607
773
809
	2
967
1297
	3
1787
---------------- (14 total)
2
11
	3
		2
29
	17
		5
71
	7
		3
			2
73
	17
		3
227
	29
		3
389
	11
449
	3
		2
509
607
773
809
	2
967
1297
	3
1787
---------------- (15 total)
2
11
	3
		2
29
	17
		5
37
	11
71
	7
		3
			2
73
	17
		3
227
	29
		3
389
	11
449
	3
		2
509
607
773
809
	2
967
1297
	3
1787
---------------- (16 total)
2
11
	3
		2
29
	17
		5
37
	11
71
	7
		3
			2
73
	17
		3
227
	29
		3
389
	11
		2
449
	3
		2
509
607
773
809
	2
967
1297
	3
1787
---------------- (16 total)
2
11
	3
		2
29
	17
		5
37
	11
47
	11
		7
			2
71
	7
		3
			2
73
	17
		3
227
	29
		3
389
	11
		2
449
	3
		2
509
607
773
809
	2
967
1297
	3
1787
---------------- (17 total)
2
11
	3
		2
29
	17
		5
37
	11
47
	11
		7
			2
71
	7
		3
			2
73
	17
		3
227
	29
		3
389
	11
		2
449
	3
		2
509
607
773
809
	2
967
1297
	3
1657
	2
1787
---------------- (18 total)
2
11
	3
		2
29
	17
		5
37
	11
47
	11
		7
			2
71
	7
		3
			2
73
	17
		3
199
	7
		3
227
	29
		3
389
	11
		2
449
	3
		2
509
607
773
809
	2
967
1297
	3
1657
	2
1787
---------------- (19 total)
2
11
	3
		2
29
	17
		5
37
	11
47
	11
		7
			2
71
	7
		3
			2
73
	17
		3
199
	7
		3
227
	29
		3
389
	11
		2
449
	3
		2
509
607
773
809
	2
967
1091
	11
		3
1297
	3
1657
	2
1787
---------------- (20 total)
2
11
	3
		2
29
	17
		5
37
	11
47
	11
		7
			2
71
	7
		3
			2
73
	17
		3
181
	7
199
	7
		3
227
	29
		3
389
	11
		2
449
	3
		2
509
607
773
809
	2
967
1091
	11
		3
1297
	3
1657
	2
1787
---------------- (21 total)
2
11
	3
		2
29
	17
		5
37
	11
47
	11
		7
			2
71
	7
		3
			2
73
	17
		3
103
	13
181
	7
199
	7
		3
227
	29
		3
389
	11
		2
449
	3
		2
509
607
773
809
	2
967
1091
	11
		3
1297
	3
1657
	2
1787
---------------- (22 total)
2
11
	3
		2
29
	17
		5
37
	11
47
	11
		7
			2
71
	7
		3
			2
73
	17
		3
103
	13
181
	7
199
	7
		3
227
	29
		3
389
	11
		2
449
	3
		2
509
607
691
	3
773
809
	2
967
1091
	11
		3
1297
	3
1657
	2
1787
---------------- (23 total)
2
11
	3
		2
29
	17
		5
37
	11
47
	11
		7
			2
71
	7
		3
			2
73
	17
		3
103
	13
181
	7
199
	7
		3
227
	29
		3
389
	11
		2
449
	3
		2
509
607
647
	5
		2
691
	3
773
809
	2
967
1091
	11
		3
1297
	3
1657
	2
1787
---------------- (24 total)
2
11
	3
		2
29
	17
		5
37
	11
47
	11
		7
			2
71
	7
		3
			2
73
	17
		3
103
	13
181
	7
199
	7
		3
227
	29
		3
389
	11
		2
401
	3
		2
449
	3
		2
509
607
647
	5
		2
691
	3
773
809
	2
967
1091
	11
		3
1297
	3
1657
	2
1787
---------------- (25 total)
2
11
	3
		2
29
	17
		5
37
	11
47
	11
		7
			2
71
	7
		3
			2
73
	17
		3
103
	13
181
	7
199
	7
		3
227
	29
		3
389
	11
		2
401
	3
		2
449
	3
		2
509
607
647
	5
		2
691
	3
773
809
	2
967
1091
	11
		3
1297
	3
1657
	2
1787
8747
---------------- (26 total)
2
11
	3
		2
29
	17
		5
37
	11
47
	11
		7
			2
71
	7
		3
			2
73
	17
		3
103
	13
181
	7
199
	7
		3
227
	29
		3
389
	11
		2
401
	3
		2
449
	3
		2
509
607
647
	5
		2
691
	3
773
809
	2
967
1091
	11
		3
1297
	3
1657
	2
1787
8747
548503
---------------- (27 total)
2
11
	3
		2
29
	17
		5
37
	11
47
	11
		7
			2
71
	7
		3
			2
73
	17
		3
103
	13
181
	7
199
	7
		3
227
	29
		3
389
	11
		2
401
	3
		2
449
	3
		2
509
607
647
	5
		2
691
	3
773
809
	2
967
1091
	11
		3
1297
	3
1657
	2
1787
2837
	11
8747
548503
---------------- (28 total)
2
11
	3
		2
17
	5
29
	17
		5
37
	11
47
	11
		7
			2
71
	7
		3
			2
73
	17
		3
103
	13
181
	7
199
	7
		3
227
	29
		3
389
	11
		2
401
	3
		2
449
	3
		2
509
607
647
	5
		2
691
	3
773
809
	2
967
1091
	11
		3
1297
	3
1657
	2
1787
2837
	11
8747
548503
---------------- (29 total)
2
11
	3
		2
17
	5
29
	17
		5
37
	11
47
	11
		7
			2
71
	7
		3
			2
73
	17
		3
103
	13
181
	7
199
	7
		3
227
	29
		3
389
	11
		2
401
	3
		2
449
	3
		2
509
607
647
	5
		2
673
	5
		2
691
	3
773
809
	2
967
1091
	11
		3
1297
	3
1657
	2
1787
2837
	11
8747
548503
---------------- (30 total)
2
11
	3
		2
17
	5
29
	17
		5
37
	11
47
	11
		7
			2
71
	7
		3
			2
73
	17
		3
101
	17
		5
			2
103
	13
181
	7
199
	7
		3
227
	29
		3
389
	11
		2
401
	3
		2
449
	3
		2
509
607
647
	5
		2
673
	5
		2
691
	3
773
809
	2
967
1091
	11
		3
1297
	3
1657
	2
1787
2837
	11
8747
548503
---------------- (31 total)
2
11
	3
		2
17
	5
29
	17
		5
37
	11
47
	11
		7
			2
71
	7
		3
			2
73
	17
		3
101
	17
		5
			2
103
	13
181
	7
199
	7
		3
227
	29
		3
389
	11
		2
401
	3
		2
449
	3
		2
509
607
647
	5
		2
673
	5
		2
691
	3
773
809
	2
967
1091
	11
		3
1297
	3
1657
	2
1787
2689
	2
2837
	11
8747
548503
---------------- (32 total)
2
11
	3
		2
17
	5
29
	17
		5
37
	11
47
	11
		7
			2
71
	7
		3
			2
73
	17
		3
101
	17
		5
			2
103
	13
181
	7
199
	7
		3
227
	29
		3
389
	11
		2
401
	3
		2
419
	2
449
	3
		2
509
607
647
	5
		2
673
	5
		2
691
	3
773
809
	2
967
1091
	11
		3
1297
	3
1657
	2
1787
2689
	2
2837
	11
8747
548503
---------------- (33 total)
2
11
	3
		2
17
	5
29
	17
		5
37
	11
47
	11
		7
			2
53
	17
		7
			2
71
	7
		3
			2
73
	17
		3
101
	17
		5
			2
103
	13
181
	7
199
	7
		3
227
	29
		3
389
	11
		2
401
	3
		2
419
	2
449
	3
		2
509
607
647
	5
		2
673
	5
		2
691
	3
773
809
	2
967
1091
	11
		3
1297
	3
1657
	2
1787
2689
	2
2837
	11
8747
548503
---------------- (34 total)
2
11
	3
		2
17
	5
29
	17
		5
37
	11
47
	11
		7
			2
53
	17
		7
			2
71
	7
		3
			2
73
	17
		3
101
	17
		5
			2
103
	13
181
	7
199
	7
		3
227
	29
		3
389
	11
		2
401
	3
		2
419
	2
449
	3
		2
509
607
647
	5
		2
673
	5
		2
691
	3
773
809
	2
967
1091
	11
		3
1297
	3
1657
	2
1787
2689
	2
2837
	11
6823
8747
548503
---------------- (35 total)